ans =

   1.84208
   5.65858
   6.35258
   2.90402
   3.23198
   1.24792
   1.97620
   2.23454
   2.98341
   2.97970
   2.11496
   2.12170
   1.51435
   2.16979
   0.41852
   2.47054
   4.06069
   3.00709
   0.66632
   3.16219
   0.51155
   3.13428
   2.04975
   0.66583
   1.01732
   2.17894
   2.85963
   1.30883
   0.99253
   1.40373
   2.66047
   2.79996
   2.06995
   3.29765
   1.89298
   2.55983
   1.15354
   2.25151
   2.20960
   1.59142
   1.67838
   2.59149
   2.80996
   0.95312
   1.51775
   3.23114
   2.54180
   3.81423
   1.68496
   2.17777
   1.81733
   1.85777
   3.03084
   2.92658
   3.43494
   3.20367
   0.10512
   1.40598
   2.24185
   1.36678
   1.70725
   1.91910
   1.60157
   0.37963
   2.02135
   1.12037
   2.26901
  -0.24513
   2.12858
   1.84420
   2.32558
   1.52334
   1.02285
   1.85383
   2.20322
   1.20100
   1.02063
   1.60493
   0.47647
   0.36392
   0.31320
   2.28665
   2.15460
   2.05289
   4.88804
   2.40305
   2.56869
   1.82976
   0.54845
   3.17110
   3.04202
   2.40428
   0.17783
   2.61429
   2.30098
   3.90779
   2.05671
   1.38133
   1.16074
   1.72818
   3.20361
   3.06193
   4.01715
   1.40261
   4.08165
   3.15273
   3.45186
   3.85384
   1.57449
   4.72372
   2.87961
   0.96791
   1.53178
   4.13836
   3.16109
   2.95177
   3.27844
   2.12702
   3.32649
   2.54371
   3.23395
   4.43153
   3.56479
   4.25588
   4.05387
   3.08970
   2.84734
   3.63586
   1.95539
   2.88384
   3.48444
   3.49798
   2.45576
   3.20380
   3.00677
   1.96548
   2.17989
   2.61207
   3.95550
   3.64846
   4.18450
   3.78757
   3.30064
   3.02836
   3.18412
   4.16912
   3.24024
   3.91596
   2.96980
   1.12994
   2.71731
   3.11890
   2.40518
   2.95818
   1.65456
   2.39776
   2.28409
   2.79589
   3.41156
   3.50664
   3.93616
   3.90207
   2.61036
   4.37272
   3.08349
   2.11599
   2.15653
   2.14491
   1.84936
   4.15908
   2.76494
   3.90561
   2.54072
   4.27783
   3.31058
   2.15521
   3.71364
   3.54010
   1.60520
   1.75164
   3.12405
   2.37199
   2.53446
   3.68345
   3.26701
   3.94159
   3.26455
   4.30471
   2.68499
   3.12635
   2.94294
   3.11877
   2.02359
   3.62203
   2.42866
   2.09517
   5.29239
   2.07292
   0.94623
   2.73912
   6.00507
   6.05696
   6.77013
   5.64035
   5.63325
   6.17443
   7.24695
   5.58163
   5.36272
   4.70776
   7.42892
   6.64107
   6.37474
   7.28780
   6.20295
   5.38736
   5.66731
   6.59702
   7.75661
   6.63263
   5.76635
   5.99423
   6.37870
   5.74036
   4.61652
   5.33534
   5.37294
   5.03611
   5.52909
   6.05087
   5.13201
   5.73285
   6.78111
   6.44834
   6.39941
   5.86068
   6.44765
   5.36708
   5.88736
   3.96162
   6.28438
   4.20585
   5.32616
   7.17135
   7.49493
   7.39807
   5.02433
   5.31712
   5.87655
   6.03763
   5.91280
   6.69451
   6.01018
   6.92722
   6.33560
   6.24257
   5.57812
   6.40774
   6.80030
   7.21684
   6.51101
   4.60631
   7.65503
   5.50296
   6.63061
   3.45928
   8.20340
   4.95679
   5.37053
   5.69798
   6.27376
   5.05275
   6.88576
   4.18774
   5.97510
   6.09457
   5.72396
   4.37250
   6.29206
   5.14533
   6.58706
   5.78769
   6.72798
   6.64079
   6.23229
   6.21773
   5.78116
   6.62447
   5.19591
   5.87177
   5.89562
   5.61754
   5.63176
   5.50259
   6.48213
   7.30279
   6.99198
   4.82553
   6.11768
   0.94049

